// MilkShape 3D ASCII

Frames: 30
Frame: 1

Meshes: 2
"testarrow:arrow" 0 0
100
0 3.073586 0.628846 7.222074 0.543594 0.604961 -1
0 1.256305 12.705212 7.349356 0.538847 0.486189 -1
0 0.920513 6.608073 7.387755 0.540703 0.562148 -1
0 5.916011 -6.743109 7.002413 0.546875 0.643631 -1
0 5.728604 -2.773046 7.010671 0.545537 0.600818 -1
0 4.869613 -10.997259 7.095727 0.547911 0.709922 -1
0 9.314897 -10.029606 6.805444 0.549982 0.704398 -1
0 16.927166 1.730174 10.060892 0.547911 0.428185 -1
0 14.609897 0.619272 10.252691 0.547393 0.464092 -1
0 14.899374 -2.870932 10.235216 0.548946 0.500000 -1
0 -20.937737 -1.116638 8.461893 0.543249 0.392277 -1
0 -18.558838 1.498338 8.514195 0.545321 0.392277 -1
0 -23.362043 -0.119204 8.419447 0.542731 0.356369 -1
0 -7.401126 -9.819415 8.328701 0.544803 0.638107 -1
0 -8.816204 -6.103809 8.674122 0.545839 0.571815 -1
0 -10.834661 -11.540153 7.898390 0.542731 0.632583 -1
0 -3.967591 -8.098678 8.759013 0.546875 0.643631 -1
0 -2.552513 -11.814283 8.413593 0.545839 0.709922 -1
0 1.128301 -11.004350 7.402203 0.546960 0.773451 -1
0 -3.904480 16.506847 8.001444 0.555420 0.403325 -1
0 -4.329809 12.386275 8.161718 0.553823 0.437852 -1
0 -2.266274 8.383614 8.117913 0.553262 0.505524 -1
0 3.745170 12.823124 7.145275 0.539883 0.453044 -1
0 1.592097 18.802349 7.310956 0.536991 0.410230 -1
0 4.494799 -3.057132 7.112243 0.545235 0.624296 -1
0 2.737795 -5.468293 7.260473 0.545450 0.680920 -1
0 13.852976 -7.125082 10.328531 0.549982 0.566291 -1
0 18.487514 -4.903278 9.944933 0.551018 0.494476 -1
0 19.244434 2.841074 9.869093 0.548429 0.392277 -1
0 19.533913 -0.649130 9.851618 0.549982 0.428185 -1
0 -11.240511 -5.106375 8.631676 0.545321 0.535908 -1
0 -11.285917 -1.493964 8.641533 0.546875 0.500000 -1
0 -13.664817 -4.108941 8.589230 0.544803 0.500000 -1
0 -4.269281 -12.674652 8.198437 0.544803 0.707160 -1
0 -7.702816 -14.395390 7.768126 0.542731 0.701636 -1
0 0.563882 0.952402 7.427073 0.551190 0.638106 -1
0 0.281672 6.930778 7.439507 0.553305 0.570434 -1
0 -3.479151 20.627422 7.841169 0.557017 0.368798 -1
0 -1.415616 16.624760 7.797363 0.556455 0.436470 -1
0 2.402003 -11.565432 7.298872 0.547306 0.756878 -1
0 0.584722 0.510934 7.426154 0.542559 0.638106 -1
0 1.157570 -11.624388 7.400912 0.546789 0.773451 -1
0 5.166382 9.137146 7.035444 0.541523 0.472378 -1
0 4.791568 17.077274 7.051960 0.538847 0.386752 -1
0 4.680358 -12.251408 7.189042 0.548946 0.776214 -1
0 2.776817 -19.505558 7.282356 0.549982 0.842505 -1
0 8.268498 -14.283757 6.898758 0.551018 0.770689 -1
0 12.292627 -0.491630 10.444490 0.546875 0.500000 -1
0 9.247175 -3.331655 6.723452 0.546875 0.571815 -1
0 10.264835 -5.092735 10.618814 0.547911 0.571815 -1
0 -16.089123 -3.111506 8.546783 0.544285 0.464092 -1
0 -16.134531 0.500904 8.556641 0.545839 0.428185 -1
0 -18.513430 -2.114072 8.504338 0.543767 0.428185 -1
0 -17.098352 -5.829678 8.158918 0.542731 0.494476 -1
0 -1.419645 -9.551514 8.080608 0.546918 0.708541 -1
0 0.846091 -5.025974 7.414638 0.549075 0.705779 -1
0 -4.755138 8.265703 8.321994 0.552227 0.472378 -1
0 -4.361365 0.083513 8.540504 0.549551 0.558005 -1
0 -3.116932 0.142468 8.438463 0.550068 0.574577 -1
0 3.004426 21.909874 7.189716 0.536581 0.355678 -1
0 -0.560976 24.781576 7.476638 0.534100 0.367417 -1
0 2.066211 -17.662571 7.337272 0.549162 0.832837 -1
0 13.949434 -7.807803 6.421845 0.551018 0.632583 -1
0 21.561703 3.951976 9.677294 0.548946 0.356369 -1
0 21.851181 0.461772 9.659819 0.550500 0.392277 -1
0 -14.945081 1.808392 8.582792 0.546875 0.428185 -1
0 -1.137435 -15.529890 8.068172 0.544803 0.776214 -1
0 -4.570971 -17.250628 7.637861 0.542731 0.770689 -1
0 -1.439125 -20.105865 7.507597 0.542731 0.839743 -1
0 -2.691603 4.263041 8.278189 0.551665 0.540051 -1
0 -5.542686 24.630083 7.884975 0.557578 0.301126 -1
0 -2.022054 22.746664 7.658991 0.558333 0.368108 -1
0 0.011873 12.646255 7.451396 0.538329 0.502762 -1
0 5.541197 1.197018 7.018929 0.544199 0.558005 -1
0 4.119985 4.882996 7.128759 0.542559 0.538670 -1
0 9.504150 -8.775456 6.712129 0.548946 0.638107 -1
0 19.240671 6.902707 5.886569 0.546875 0.356369 -1
0 15.623793 2.919823 10.165529 0.546875 0.428185 -1
0 -18.604244 5.110749 8.524053 0.546875 0.356369 -1
0 -20.983143 2.495772 8.471750 0.544803 0.356369 -1
0 -12.249739 -7.824547 8.243810 0.543767 0.566291 -1
0 1.692720 -22.961102 7.377332 0.542731 0.908796 -1
0 1.410510 -16.982725 7.389768 0.544846 0.841124 -1
0 -5.148912 16.447893 8.103484 0.554902 0.386752 -1
0 3.409378 6.725985 7.183674 0.541739 0.529002 -1
0 2.569899 -8.516862 7.279673 0.546378 0.718899 -1
0 24.168449 1.572674 9.468019 0.551018 0.356369 -1
0 17.216644 -1.760031 10.043417 0.549464 0.464092 -1
0 -7.626754 -4.796321 8.700274 0.546875 0.571815 -1
0 -0.000538 12.909154 7.451942 0.555420 0.502762 -1
0 -0.564957 24.865906 7.476813 0.559649 0.367417 -1
0 -1.840945 12.504187 7.957638 0.554859 0.470997 -1
0 12.582105 -3.981834 10.427015 0.548429 0.535908 -1
0 -13.966507 -8.684916 8.028654 0.542731 0.563529 -1
0 -1.701855 -3.573138 8.093042 0.549033 0.640869 -1
0 4.080962 18.920261 7.106875 0.538027 0.377085 -1
0 -13.710224 -0.496530 8.599087 0.546357 0.464092 -1
0 -0.990286 20.745333 7.637088 0.558052 0.401944 -1
0 1.730419 -23.759708 7.375671 0.551018 0.908796 -1
0 4.416754 25.017401 7.068476 0.536171 0.301126 -1
99
0.081639 0.001781 0.996660
0.081639 0.001781 0.996660
0.081639 0.001781 0.996660
-0.043454 0.006834 0.999032
0.081640 0.001781 0.996660
0.065860 0.034623 0.997228
0.073508 0.033292 0.996739
0.090519 0.169061 0.981440
0.081639 0.001781 0.996660
0.081639 0.001781 0.996660
-0.018724 -0.002963 0.999820
-0.018724 -0.002964 0.999820
-0.034381 -0.041071 0.998565
-0.065519 -0.117077 0.990959
-0.045550 -0.068299 0.996625
-0.065519 -0.117077 0.990959
0.103176 -0.031771 0.994156
0.262811 0.010399 0.964791
0.262811 0.010399 0.964791
0.080251 0.030469 0.996309
0.080251 0.030469 0.996309
0.172281 0.020523 0.984834
0.081640 0.001781 0.996660
0.081639 0.001781 0.996660
0.081640 0.001781 0.996660
0.081639 0.001781 0.996660
0.041974 -0.604586 0.795433
0.203955 -0.262609 0.943101
-0.101271 0.370644 0.923237
0.081639 0.001781 0.996660
-0.018725 -0.002964 0.999820
-0.018725 -0.002964 0.999820
-0.042203 -0.060135 0.997298
-0.065519 -0.117077 0.990959
-0.065519 -0.117077 0.990959
0.262811 0.010399 0.964791
0.262811 0.010399 0.964791
0.080251 0.030469 0.996309
0.153918 0.022535 0.987827
0.074975 0.010920 0.997126
0.081639 0.001781 0.996660
0.081639 0.001781 0.996660
0.081640 0.001781 0.996660
0.081640 0.001781 0.996660
0.062449 0.022033 0.997805
0.070187 -0.000535 0.997534
0.075915 0.000623 0.997114
-0.115194 0.088254 0.989415
-0.738819 0.520331 0.428255
-0.388211 -0.252505 0.886303
-0.018725 -0.002964 0.999820
-0.018725 -0.002964 0.999820
-0.037511 -0.048698 0.998109
-0.065519 -0.117077 0.990959
0.262811 0.010399 0.964791
0.262811 0.010399 0.964791
0.080251 0.030469 0.996309
0.080251 0.030469 0.996309
0.172281 0.020523 0.984834
0.081639 0.001781 0.996660
0.081639 0.001781 0.996660
0.049225 0.003579 0.998781
0.076415 -0.631611 0.771511
-0.005761 0.181790 0.983321
0.081639 0.001781 0.996660
-0.018725 -0.002964 0.999820
0.076369 -0.063421 0.995061
-0.065519 -0.117077 0.990959
-0.065519 -0.117077 0.990959
0.172281 0.020523 0.984834
0.080251 0.030469 0.996309
0.080252 0.030469 0.996309
0.081639 0.001781 0.996660
0.081640 0.001781 0.996660
0.081640 0.001781 0.996660
0.013280 -0.356345 0.934260
-0.028410 0.635430 0.771636
0.280712 0.225489 0.932929
-0.018724 -0.002964 0.999820
-0.018724 -0.002964 0.999820
-0.065519 -0.117077 0.990959
0.100221 -0.054190 0.993488
0.262811 0.010399 0.964791
0.080251 0.030469 0.996309
0.081640 0.001781 0.996660
0.081640 0.001781 0.996660
0.081639 0.001781 0.996660
0.081639 0.001781 0.996660
-0.018725 -0.002964 0.999820
0.262811 0.010399 0.964791
0.141652 0.023871 0.989629
0.080251 0.030469 0.996309
0.081639 0.001781 0.996660
0.262811 0.010399 0.964791
0.081639 0.001781 0.996660
-0.018725 -0.002964 0.999820
0.080252 0.030469 0.996309
0.064900 0.003851 0.997884
0.081640 0.001781 0.996660
128
0 0 1 2 0 1 2 1
0 3 4 0 3 4 0 1
0 3 5 6 3 5 6 1
0 7 8 9 7 8 9 1
0 10 11 12 10 11 12 1
0 13 14 15 13 14 15 1
0 16 17 18 16 17 18 1
0 19 20 21 19 20 21 1
0 22 23 1 22 23 1 1
0 3 24 25 3 24 25 1
0 9 26 27 9 26 27 1
0 28 7 29 28 7 29 1
0 30 31 32 30 31 32 1
0 33 15 34 33 15 34 1
0 21 35 36 21 35 36 1
0 37 19 38 37 19 38 1
0 39 40 41 39 40 41 1
0 42 43 22 42 43 22 1
0 44 45 46 44 45 46 1
0 47 48 49 47 48 49 1
0 50 51 52 50 51 52 1
0 32 52 53 32 52 53 1
0 16 54 55 16 54 55 1
0 56 57 58 56 57 58 1
0 59 60 23 59 60 23 1
0 44 39 61 44 39 61 1
0 49 62 26 49 62 26 1
0 63 29 64 63 29 64 1
0 31 65 51 31 65 51 1
0 66 67 68 66 67 68 1
0 69 35 21 69 35 21 1
0 70 37 71 70 37 71 1
0 1 60 72 1 60 72 1
0 73 42 74 73 42 74 1
0 75 6 62 75 6 62 1
0 76 77 7 76 77 7 1
0 11 78 79 11 78 79 1
0 14 32 80 14 32 80 1
0 66 81 82 66 81 82 1
0 70 83 19 70 83 19 1
0 84 1 0 84 1 0 1
0 3 25 85 3 25 85 1
0 29 27 86 29 27 86 1
0 7 9 87 7 9 87 1
0 16 88 14 16 88 14 1
0 16 13 33 16 13 33 1
0 38 89 90 38 89 90 1
0 19 21 91 19 21 91 1
0 25 40 39 25 40 39 1
0 42 22 84 42 22 84 1
0 6 46 62 6 46 62 1
0 47 49 92 47 49 92 1
0 51 78 11 51 78 11 1
0 32 53 93 32 53 53 1
0 94 55 35 93 55 35 1
0 56 58 69 56 58 69 1
0 95 23 22 94 23 22 1
0 5 39 44 5 39 44 1
0 3 75 49 3 75 49 1
0 76 28 63 76 28 63 1
0 31 96 32 31 95 32 1
0 16 33 66 16 33 66 1
0 16 94 58 16 93 58 1
0 37 38 97 37 38 96 1
0 0 2 40 0 2 40 1
0 4 73 0 4 73 0 1
0 5 44 6 5 44 6 1
0 8 47 9 8 47 9 1
0 52 11 10 52 11 10 1
0 16 14 13 16 14 13 1
0 17 66 18 17 66 18 1
0 20 56 21 20 56 21 1
0 23 60 1 23 60 1 1
0 24 0 25 24 0 25 1
0 26 62 27 26 62 27 1
0 76 7 28 76 7 28 1
0 14 31 30 14 31 30 1
0 33 34 67 33 34 67 1
0 21 36 89 21 36 89 1
0 70 19 37 70 19 37 1
0 39 41 98 39 41 97 1
0 43 99 22 43 98 22 1
0 45 98 46 45 97 46 1
0 48 3 49 48 3 49 1
0 32 51 50 32 51 50 1
0 52 12 53 52 12 53 1
0 54 18 55 54 18 55 1
0 57 16 58 57 16 58 1
0 99 60 59 98 60 59 1
0 44 61 98 44 61 97 1
0 49 26 9 49 26 9 1
0 63 64 86 63 64 86 1
0 65 78 51 65 78 51 1
0 66 68 81 66 68 81 1
0 58 35 69 58 35 69 1
0 70 71 90 70 71 90 1
0 1 72 40 1 72 40 1
0 73 74 0 73 74 0 1
0 3 6 75 3 6 75 1
0 77 47 7 77 47 7 1
0 11 79 12 11 79 12 1
0 14 80 15 14 80 15 1
0 66 82 18 66 82 18 1
0 83 56 19 83 56 19 1
0 22 1 84 22 1 84 1
0 3 85 39 3 85 39 1
0 9 27 29 9 27 29 1
0 7 87 29 7 87 29 1
0 88 31 14 88 31 14 1
0 13 15 33 13 15 33 1
0 21 89 38 21 89 38 1
0 19 91 38 19 91 38 1
0 0 40 25 0 40 25 1
0 42 84 0 42 84 0 1
0 44 46 6 44 46 6 1
0 47 92 9 47 92 9 1
0 51 11 52 51 11 52 1
0 32 93 15 32 53 15 1
0 16 55 94 16 55 93 1
0 56 69 21 56 69 21 1
0 99 23 95 98 23 94 1
0 3 39 5 3 39 5 1
0 75 62 49 75 62 49 1
0 28 29 63 28 29 63 1
0 96 51 32 95 51 32 1
0 33 67 66 33 67 66 1
0 94 35 58 93 35 58 1
0 37 97 90 37 96 90 1
"testarrow:frame" 0 0
432
0 1.180185 -26.531734 4.263504 0.187500 0.953393 -1
0 4.371321 -25.220211 1.167520 0.125000 0.935008 -1
0 2.440106 -20.893734 6.962017 0.250000 0.906785 -1
0 15.270128 -11.305053 6.673619 0.187500 0.693424 -1
0 19.232502 -4.289861 7.944734 0.218750 0.586743 -1
0 17.720470 -4.072294 9.652390 0.250000 0.586743 -1
0 26.504654 2.861619 1.800534 0.187500 0.480063 -1
0 25.230820 5.068991 0.114658 0.156250 0.434534 -1
0 23.718788 5.286558 1.822315 0.187500 0.434534 -1
0 22.206757 5.504126 3.529971 0.218750 0.434534 -1
0 20.725754 6.203461 4.733187 0.234375 0.412848 -1
0 21.362671 5.099775 5.576125 0.250000 0.435612 -1
0 18.815002 9.514518 2.204373 0.187500 0.344555 -1
0 16.229145 8.205254 0.537245 0.156250 0.365702 -1
0 16.444019 6.899392 2.403260 0.187500 0.389005 -1
0 10.471913 -0.032372 6.880413 0.187500 0.491241 -1
0 7.442216 -3.206152 3.158680 0.187500 0.549026 -1
0 10.028074 -1.896887 4.825808 0.218750 0.527880 -1
0 7.840656 6.244118 1.227875 0.156250 0.393450 -1
0 8.570209 8.680062 -0.717520 0.125000 0.356812 -1
0 6.779992 10.822498 3.187860 0.187500 0.311152 -1
0 5.594982 18.035072 5.153324 0.218750 0.191136 -1
0 4.803257 16.916225 7.101459 0.250000 0.208916 -1
0 4.553016 28.331848 1.457712 0.156250 0.017780 -1
0 3.112609 29.178356 -0.307096 0.125000 0.000000 -1
0 1.529158 26.940660 3.589173 0.187500 0.035560 -1
0 -1.739333 25.447598 5.740856 0.218750 0.053340 -1
0 -4.216099 25.073383 5.944403 0.218750 0.053340 -1
0 -0.543561 24.499216 7.525884 0.250000 0.071120 -1
0 -7.888638 25.647549 4.362923 0.187500 0.035560 -1
0 -9.992834 20.861145 0.758486 0.125000 0.118937 -1
0 -7.744964 22.305965 4.345732 0.187500 0.095029 -1
0 -6.725270 0.671261 4.184219 0.187500 0.480128 -1
0 -6.529047 -3.198723 4.147572 0.187500 0.549026 -1
0 -4.319752 0.530879 7.713097 0.250000 0.484508 -1
0 -10.446777 1.560607 2.689085 0.156250 0.467937 -1
0 -11.747648 3.565790 0.942969 0.125000 0.431299 -1
0 -11.762766 2.309570 4.722828 0.187500 0.460126 -1
0 -15.131241 3.680450 6.860851 0.218750 0.425644 -1
0 -14.856613 1.986225 8.659107 0.250000 0.448947 -1
0 -21.477543 9.582637 5.402364 0.187500 0.344555 -1
0 -24.093000 7.945866 3.754545 0.156250 0.366780 -1
0 -21.389801 5.108784 5.552800 0.187500 0.390084 -1
0 -21.115173 3.414559 7.351056 0.218750 0.413387 -1
0 -21.964266 2.082237 7.541921 0.234375 0.446725 -1
0 -20.656536 2.900622 8.365829 0.250000 0.435612 -1
0 -28.961548 -1.495753 2.407598 0.125000 0.480063 -1
0 -27.101322 -8.097857 2.302272 0.125000 0.545055 -1
0 -24.027225 -6.975024 4.964866 0.187500 0.545055 -1
0 -12.017976 -17.067057 4.648888 0.187500 0.740031 -1
0 -5.717506 -21.908962 5.805452 0.218750 0.823408 -1
0 -4.516118 -17.732817 7.154709 0.250000 0.800104 -1
0 0.236246 -31.094658 0.036205 0.062500 0.980509 -1
0 2.291490 -28.990604 -0.135905 0.066406 0.949231 -1
0 0.102879 -28.269382 0.042081 0.062500 0.936315 -1
0 16.611515 -12.849587 -1.337741 0.093750 0.708189 -1
0 22.552664 -5.807170 2.138595 0.106682 0.593794 -1
0 21.538937 -5.855195 2.221718 0.105336 0.593628 -1
0 31.092695 2.474155 -2.551316 0.122307 0.479731 -1
0 31.261620 4.117870 -2.568090 0.121826 0.454451 -1
0 28.779526 1.806675 1.614930 0.119614 0.479399 -1
0 23.801418 10.093380 -1.953426 0.109611 0.377282 -1
0 21.164764 11.824096 -1.740541 0.104610 0.348320 -1
0 21.198107 11.117777 -1.742010 0.104610 0.359368 -1
0 18.461426 14.967451 -1.524719 0.099609 0.297261 -1
0 17.446350 15.334040 -1.442226 0.097656 0.290789 -1
0 18.528111 13.554811 -1.527657 0.099609 0.319358 -1
0 10.991720 4.940548 -0.909192 0.084472 0.418355 -1
0 9.813961 3.469172 -0.810089 0.082031 0.437886 -1
0 11.318701 3.297984 -0.933041 0.084961 0.436545 -1
0 9.941872 11.327978 -0.834608 0.083007 0.325553 -1
0 10.367260 12.884949 -0.872235 0.083984 0.306692 -1
0 11.790432 10.644274 -0.783873 0.082031 0.250941 -1
0 10.974243 17.366077 -0.729027 0.081054 0.154233 -1
0 10.502192 16.797577 -0.689344 0.080078 0.162045 -1
0 8.530725 30.653456 -0.753546 0.082031 0.041899 -1
0 6.754792 31.492962 -0.490688 0.078613 0.026274 -1
0 7.586625 29.516451 -0.674180 0.080078 0.057524 -1
0 -2.349405 29.463465 0.615348 0.060546 0.041899 -1
0 -6.278497 28.478939 1.207146 0.052734 0.049712 -1
0 -5.759035 27.999922 1.180663 0.053710 0.057524 -1
0 -12.285435 29.410479 1.904875 0.041015 0.026274 -1
0 -12.225378 27.921604 1.777064 0.041015 0.049642 -1
0 -10.207588 27.494411 1.798944 0.044921 0.057524 -1
0 -11.324535 5.588459 -0.140099 0.041015 0.400163 -1
0 -10.182575 3.202092 0.299494 0.042968 0.437885 -1
0 -9.186487 4.150562 0.871569 0.044921 0.423348 -1
0 -12.811609 6.288238 0.509332 0.038085 0.387774 -1
0 -13.382589 7.481421 0.289535 0.037109 0.368913 -1
0 -14.298682 6.988016 1.158763 0.035156 0.375385 -1
0 -19.375246 10.536421 1.371370 0.030274 0.347372 -1
0 -19.384726 10.196122 1.372754 0.030274 0.358420 -1
0 -21.985321 14.303162 1.578439 0.025391 0.275163 -1
0 -22.750780 13.357029 1.642830 0.023795 0.287928 -1
0 -22.023239 12.941969 1.583977 0.025391 0.319358 -1
0 -25.699377 4.910649 2.096339 0.012626 0.399379 -1
0 -27.365841 1.532075 2.238881 0.009006 0.439389 -1
0 -26.672895 1.564904 2.182061 0.010386 0.439389 -1
0 -31.804087 -1.977814 2.608702 -0.000139 0.479399 -1
0 -29.801567 -3.797616 2.447921 0.003776 0.510718 -1
0 -30.889450 -4.989356 2.381422 0.005385 0.479399 -1
0 -15.398026 -19.327723 1.208814 0.033942 0.729954 -1
0 -7.147575 -22.369980 0.625447 0.048221 0.833135 -1
0 -8.180917 -24.520809 0.626916 0.048221 0.822086 -1
0 16.010208 -10.371628 -0.024894 0.125000 0.740031 -1
0 18.746977 -9.422100 -0.422365 0.125000 0.675039 -1
0 22.256567 -4.724997 4.529420 0.156250 0.586743 -1
0 22.725721 -0.999836 6.872634 0.203125 0.533403 -1
0 22.444954 7.493930 0.136438 0.156250 0.389006 -1
0 21.313976 11.129873 -1.549438 0.125000 0.343477 -1
0 20.932922 7.711497 1.844095 0.187500 0.389006 -1
0 20.296005 8.815183 1.001157 0.171875 0.366241 -1
0 13.858162 5.590127 0.736131 0.156250 0.410152 -1
0 11.272305 4.280863 -0.930997 0.125000 0.431299 -1
0 13.787323 3.712837 6.602147 0.187500 0.433455 -1
0 13.057772 1.276894 8.547541 0.218750 0.470094 -1
0 15.643629 2.586158 10.214668 0.250000 0.448947 -1
0 8.901320 1.665737 -0.732110 0.125000 0.475749 -1
0 7.111104 3.808173 3.173270 0.187500 0.430089 -1
0 9.749861 14.844195 1.257055 0.156250 0.155576 -1
0 5.794202 22.760208 4.187922 0.203125 0.113348 -1
0 -1.351655 28.633675 0.059559 0.125000 0.000000 -1
0 -5.815918 28.088993 0.426213 0.125000 0.000000 -1
0 -4.375512 27.242487 2.191020 0.156250 0.017780 -1
0 -6.607644 26.970146 2.374347 0.156250 0.017780 -1
0 -5.411871 26.021765 4.159375 0.187500 0.035560 -1
0 -9.705485 14.177979 0.724104 0.125000 0.237875 -1
0 -9.561811 10.836395 0.706913 0.125000 0.297343 -1
0 -7.313941 12.281215 4.294160 0.187500 0.273435 -1
0 -4.712199 8.270847 7.786391 0.250000 0.346712 -1
0 -4.908422 12.140832 7.823038 0.250000 0.277814 -1
0 -8.487912 -0.819058 3.418328 0.171875 0.508482 -1
0 -9.803901 -0.070095 5.452072 0.203125 0.500670 -1
0 -18.109068 8.211757 3.264340 0.156250 0.379037 -1
0 -17.090107 6.060115 6.131608 0.203125 0.385099 -1
0 -24.005260 3.472013 3.904981 0.156250 0.412309 -1
0 -26.620718 1.835243 2.257162 0.125000 0.434534 -1
0 -23.730633 1.777789 5.703237 0.187500 0.435612 -1
0 -25.038361 0.959403 4.879327 0.171875 0.446725 -1
0 -25.887453 -0.372920 5.070191 0.187500 0.480063 -1
0 -14.092071 -15.332747 1.986295 0.125000 0.740031 -1
0 -11.374701 -21.649139 1.880969 0.125000 0.805024 -1
0 -6.120285 -24.546974 3.106940 0.156250 0.870016 -1
0 -1.768661 -22.791777 5.034478 0.203125 0.888400 -1
0 17.535339 -11.262225 -1.340679 0.093750 0.730286 -1
0 20.788685 -10.054117 -1.684900 0.101563 0.667730 -1
0 24.865833 -5.139690 -2.027652 0.109375 0.594126 -1
0 25.951809 -1.428820 -2.123238 0.113148 0.536597 -1
0 25.686020 8.760860 -2.119672 0.112305 0.377614 -1
0 23.970343 11.737096 -1.970199 0.109131 0.352001 -1
0 21.098080 13.236732 -1.737603 0.104610 0.326223 -1
0 19.846437 12.689453 -1.634099 0.102110 0.333839 -1
0 14.601170 12.195885 -1.203562 0.091797 0.337664 -1
0 13.509919 9.721263 -1.124007 0.089843 0.353289 -1
0 14.524996 9.354675 -1.206500 0.091797 0.359761 -1
0 13.674218 6.240736 -1.131247 0.089843 0.397483 -1
0 14.851976 7.712112 -1.230349 0.092285 0.377952 -1
0 10.664739 6.583112 -0.885343 0.083984 0.400164 -1
0 10.303305 8.955545 -0.859976 0.083496 0.362858 -1
0 9.091093 8.214039 -0.759355 0.081054 0.363275 -1
0 9.346914 23.931652 -0.808392 0.083007 0.138608 -1
0 7.994720 26.155548 -0.701603 0.080566 0.105878 -1
0 -1.405305 30.600470 0.535982 0.062500 0.026274 -1
0 -4.125338 30.302971 0.878205 0.057128 0.026274 -1
0 -7.317420 29.436972 1.260111 0.050781 0.034087 -1
0 -8.243042 27.986675 1.503045 0.048827 0.053618 -1
0 -11.804985 17.499470 0.882388 0.041015 0.213219 -1
0 -11.684873 14.521717 0.626766 0.041015 0.259955 -1
0 -10.766062 16.541435 0.829422 0.042968 0.228844 -1
0 -9.624102 14.155068 1.269016 0.044921 0.266566 -1
0 -9.769974 17.489904 1.401498 0.044921 0.214306 -1
0 -12.984165 5.444943 1.053844 0.037597 0.400441 -1
0 -19.356287 11.217018 1.368601 0.030274 0.325274 -1
0 -20.699244 11.739195 1.477674 0.027832 0.333365 -1
0 -28.108990 6.734102 2.093570 0.012626 0.377281 -1
0 -27.211334 3.698981 2.222353 0.009435 0.402811 -1
0 -28.751732 1.466418 2.352521 0.006243 0.439389 -1
0 -28.199074 -0.157212 2.310151 0.007195 0.459394 -1
0 -15.783920 -16.536236 1.322453 0.031180 0.729954 -1
0 -11.778879 -20.175842 1.000891 0.039010 0.792593 -1
0 -7.080892 -23.782619 0.622509 0.048221 0.855232 -1
0 -3.522348 -25.319681 0.333764 0.055361 0.884725 -1
0 8.822378 -18.270691 0.770048 0.125000 0.870016 -1
0 12.416292 -14.321157 0.372577 0.125000 0.805024 -1
0 9.225157 -15.632686 3.468562 0.187500 0.823408 -1
0 9.426546 -14.313677 4.817818 0.218750 0.800104 -1
0 13.388920 -7.298487 6.088932 0.250000 0.693424 -1
0 7.914513 -14.096107 6.525475 0.250000 0.800104 -1
0 28.016685 2.644052 0.092878 0.156250 0.480063 -1
0 26.742851 4.851424 -1.592999 0.125000 0.434534 -1
0 21.569839 6.607811 2.687033 0.203125 0.411770 -1
0 20.088837 7.307146 3.890249 0.218750 0.390084 -1
0 18.742985 12.248951 0.338358 0.156250 0.321252 -1
0 16.157127 10.939686 -1.328770 0.125000 0.342398 -1
0 6.712664 -5.642097 5.104075 0.218750 0.585665 -1
0 9.298522 -4.332832 6.771203 0.250000 0.564518 -1
0 10.810525 10.265816 -0.702930 0.125000 0.237875 -1
0 10.479413 17.280144 -0.688340 0.125000 0.118937 -1
0 6.381552 1.372229 5.118665 0.218750 0.466728 -1
0 5.196542 8.584803 7.084129 0.250000 0.346712 -1
0 5.589827 0.253381 7.066799 0.250000 0.484508 -1
0 5.993422 27.485342 3.222519 0.187500 0.035560 -1
0 2.969565 26.094154 5.353981 0.218750 0.053340 -1
0 0.737433 25.821814 5.537308 0.218750 0.053340 -1
0 1.933205 24.873432 7.322336 0.250000 0.071120 -1
0 -9.849159 17.519562 0.741295 0.125000 0.178406 -1
0 -7.601289 18.964382 4.328542 0.187500 0.154497 -1
0 -6.921494 4.541245 4.220866 0.187500 0.411231 -1
0 -4.515976 4.400863 7.749744 0.250000 0.415610 -1
0 -14.364508 6.319937 1.230597 0.125000 0.386849 -1
0 -19.409939 10.216940 1.518225 0.125000 0.342398 -1
0 -7.845036 -2.449760 6.181315 0.218750 0.541215 -1
0 -11.213511 -1.078880 8.319339 0.250000 0.506733 -1
0 -7.570408 -4.143985 7.979571 0.250000 0.564518 -1
0 -21.752171 11.276861 3.604108 0.156250 0.321252 -1
0 -24.367628 9.640091 1.956289 0.125000 0.343477 -1
0 -22.422903 2.596174 6.527146 0.203125 0.424500 -1
0 -22.813358 0.749914 7.732785 0.250000 0.480063 -1
0 -23.383953 -11.557109 2.196946 0.125000 0.610047 -1
0 -17.809441 -11.873498 2.091620 0.125000 0.675039 -1
0 -20.309856 -10.434274 4.859540 0.187500 0.610047 -1
0 -16.915667 -6.730000 6.190837 0.218750 0.610047 -1
0 -10.615198 -11.571906 7.347401 0.250000 0.693424 -1
0 -16.714279 -5.410996 7.540093 0.250000 0.586743 -1
0 9.314365 -19.678452 -0.652237 0.078125 0.855397 -1
0 13.424853 -15.470339 -0.996458 0.085938 0.792842 -1
0 9.247682 -18.265812 -0.649299 0.078125 0.833300 -1
0 9.214340 -17.559494 -0.647830 0.078125 0.822252 -1
0 15.441202 -9.945640 -1.171494 0.091057 0.707857 -1
0 8.200612 -17.607521 -0.564707 0.076779 0.822086 -1
0 29.403086 5.665534 -2.418617 0.118652 0.428838 -1
0 27.544552 7.213197 -2.269145 0.115478 0.403226 -1
0 27.375629 5.569482 -2.252371 0.115959 0.428506 -1
0 26.361900 5.521456 -2.169248 0.114613 0.428340 -1
0 23.725246 7.252172 -1.956364 0.109611 0.399379 -1
0 26.395243 4.815137 -2.170717 0.114613 0.439389 -1
0 16.497955 14.287984 -1.362671 0.095703 0.306414 -1
0 15.549562 13.241935 -1.283117 0.093750 0.322039 -1
0 16.564640 12.875348 -1.365610 0.095703 0.328511 -1
0 12.496460 4.769360 -1.032144 0.087402 0.417014 -1
0 12.641211 13.758216 -0.859127 0.083984 0.213219 -1
0 9.772304 25.488625 -0.846019 0.083984 0.119747 -1
0 10.846333 9.507270 -0.704508 0.080078 0.266566 -1
0 8.619043 7.645537 -0.719672 0.080078 0.371087 -1
0 4.034760 31.195465 -0.148465 0.073242 0.026274 -1
0 1.314728 30.897968 0.193759 0.067871 0.026274 -1
0 3.090660 30.058460 -0.069099 0.071289 0.041899 -1
0 2.618610 29.489958 -0.029416 0.070312 0.049712 -1
0 -1.310482 28.505432 0.562382 0.062500 0.057524 -1
0 3.138072 29.010941 -0.055899 0.071289 0.057524 -1
0 -12.045210 23.454975 1.393631 0.041015 0.119746 -1
0 -11.925097 20.477222 1.138010 0.041015 0.166482 -1
0 -11.006287 22.496941 1.340666 0.042968 0.135371 -1
0 -10.474319 9.871763 0.564458 0.042968 0.333364 -1
0 -9.332358 7.485397 1.004051 0.044921 0.371087 -1
0 -9.478230 10.820232 1.136533 0.044921 0.318826 -1
0 -15.440642 9.374382 0.719170 0.033203 0.337663 -1
0 -19.927267 12.410200 1.148804 0.029297 0.306413 -1
0 -11.669649 3.901871 0.948925 0.040038 0.425497 -1
0 -14.317641 6.307419 1.161532 0.035156 0.397483 -1
0 -11.679129 3.561573 0.950309 0.040038 0.436545 -1
0 -25.047155 10.518633 1.836005 0.019008 0.326222 -1
0 -26.578074 8.626368 1.964788 0.015817 0.351752 -1
0 -25.066114 9.838036 1.838774 0.019008 0.348320 -1
0 -25.075594 9.497738 1.840158 0.019008 0.359368 -1
0 -26.742058 6.119164 1.982700 0.015388 0.399379 -1
0 -24.382648 9.530566 1.783338 0.020389 0.359368 -1
0 -23.794003 -9.257025 1.965578 0.015521 0.604676 -1
0 -19.788961 -12.896630 1.644016 0.023351 0.667315 -1
0 -24.265255 -12.334222 1.851938 0.018283 0.604676 -1
0 -23.572311 -12.301393 1.795118 0.019664 0.604676 -1
0 -14.464713 -15.057940 1.211751 0.033942 0.707857 -1
0 -23.605652 -11.595071 1.796587 0.019664 0.593628 -1
0 12.919765 -11.023647 3.745718 0.203125 0.746764 -1
0 25.749786 -1.434970 3.457320 0.140625 0.533403 -1
0 23.194876 2.725324 9.215847 0.250000 0.480063 -1
0 19.029877 8.208656 4.070388 0.218750 0.367858 -1
0 19.981400 7.960076 2.957242 0.203125 0.378432 -1
0 16.658894 5.593531 4.269275 0.218750 0.412309 -1
0 11.487179 2.975002 0.935018 0.156250 0.454602 -1
0 6.182332 -3.352906 6.084067 0.234375 0.544516 -1
0 7.377653 24.997902 0.291653 0.140625 0.077788 -1
0 4.409971 25.247646 7.118788 0.250000 0.071120 -1
0 -2.935105 26.395981 3.955827 0.187500 0.035560 -1
0 -6.692865 24.699167 6.147951 0.218750 0.053340 -1
0 -6.405517 18.016001 6.113569 0.218750 0.172277 -1
0 -8.222364 6.546429 2.474751 0.156250 0.374592 -1
0 -6.467282 7.408638 5.130571 0.203125 0.360652 -1
0 -5.886170 -4.829425 6.910559 0.234375 0.581759 -1
0 -20.067934 10.591421 2.535097 0.140625 0.338493 -1
0 -24.809044 0.702434 5.386714 0.187500 0.457838 -1
0 -24.350407 0.188497 6.401488 0.218750 0.480063 -1
0 -15.503868 -11.031373 4.088566 0.171875 0.675039 -1
0 -2.171439 -25.429783 2.335965 0.140625 0.935008 -1
0 13.341499 -13.704535 -0.992785 0.085938 0.765221 -1
0 28.992992 -1.284742 -2.372607 0.117188 0.537094 -1
0 26.965536 -1.380794 -2.206361 0.114495 0.536762 -1
0 25.010231 7.093132 -2.061337 0.112112 0.402811 -1
0 19.746410 14.808413 -1.629692 0.102110 0.300693 -1
0 19.813095 13.395772 -1.632630 0.102110 0.322790 -1
0 15.490060 10.047566 -1.286789 0.093750 0.349660 -1
0 12.594868 7.968894 -1.045922 0.087890 0.379963 -1
0 14.099607 7.797706 -1.168873 0.090820 0.378622 -1
0 9.059115 6.249337 -0.753225 0.080810 0.391358 -1
0 9.410870 27.861057 -0.820652 0.083496 0.082441 -1
0 8.466770 26.724052 -0.741286 0.081543 0.098066 -1
0 0.134603 29.476711 0.292966 0.065429 0.045805 -1
0 -9.801428 29.423725 1.582493 0.045898 0.030180 -1
0 -8.762505 28.465691 1.529528 0.047851 0.045805 -1
0 -10.626444 19.279678 1.071803 0.043456 0.186014 -1
0 -10.905680 13.803191 0.587042 0.042480 0.271673 -1
0 -10.355132 2.358799 0.844006 0.042480 0.450552 -1
0 -20.670805 12.760090 1.473520 0.027832 0.300219 -1
0 -20.689764 12.079494 1.476289 0.027832 0.322316 -1
0 -24.173199 6.632765 1.968249 0.015817 0.379373 -1
0 -30.277908 -0.255698 2.480611 0.003052 0.459394 -1
0 -28.892017 -0.190041 2.366971 0.005814 0.459394 -1
0 -18.056599 -12.814559 1.501966 0.026803 0.667315 -1
0 -3.422323 -27.438639 0.329357 0.055361 0.917870 -1
0 -3.489006 -26.026001 0.332295 0.055361 0.895773 -1
0 5.631242 -19.582214 3.866033 0.187500 0.888400 -1
0 15.268980 -6.899676 5.870661 0.250000 0.640084 -1
0 24.992622 3.079187 3.508191 0.218750 0.480063 -1
0 22.843674 4.400440 4.372909 0.234375 0.457299 -1
0 19.244753 6.902796 5.936403 0.250000 0.391162 -1
0 8.171768 -0.770207 1.213285 0.156250 0.512388 -1
0 8.404653 12.187225 -0.710225 0.125000 0.297343 -1
0 4.999899 12.750514 7.092793 0.250000 0.277814 -1
0 0.088752 27.787167 1.824366 0.156250 0.017780 -1
0 -5.497093 23.750786 7.932979 0.250000 0.071120 -1
0 -3.020327 24.125000 7.729431 0.250000 0.071120 -1
0 -10.280182 27.544313 0.792867 0.125000 0.000000 -1
0 -10.136508 24.202728 0.775676 0.125000 0.059469 -1
0 -3.927305 -7.209090 7.639803 0.250000 0.622304 -1
0 -4.123528 -3.339106 7.676450 0.250000 0.553406 -1
0 -13.063637 4.314754 2.976712 0.156250 0.423487 -1
0 -13.309690 2.147897 6.690968 0.218750 0.454537 -1
0 -18.774343 6.745555 7.200619 0.218750 0.367858 -1
0 -18.499716 5.051330 8.998875 0.250000 0.391162 -1
0 -19.807446 4.232944 8.174965 0.234375 0.402275 -1
0 -7.565658 -14.652361 7.251055 0.250000 0.746764 -1
0 4.346734 -26.886551 -0.308016 0.070313 0.917953 -1
0 4.280050 -25.473911 -0.305078 0.070313 0.895856 -1
0 18.204353 -9.114704 -1.474888 0.098196 0.650743 -1
0 29.234161 4.021819 -2.401844 0.119133 0.454119 -1
0 22.390247 8.470688 -1.849187 0.107111 0.379373 -1
0 17.513033 13.921398 -1.445164 0.097656 0.312886 -1
0 8.963182 0.355232 -0.734836 0.080078 0.475608 -1
0 10.140942 1.826608 -0.833939 0.082519 0.456077 -1
0 12.789949 10.607296 -0.865681 0.083984 0.259955 -1
0 10.674263 13.152422 -0.696926 0.080078 0.214306 -1
0 5.810693 30.355957 -0.411322 0.076660 0.041899 -1
0 -3.534758 28.252678 0.871522 0.058105 0.057524 -1
0 -12.165322 26.432728 1.649253 0.041015 0.073010 -1
0 -11.126399 25.474693 1.596288 0.042968 0.088635 -1
0 -9.259422 5.817980 0.937810 0.044921 0.397217 -1
0 -14.411615 8.427901 0.504353 0.035156 0.353288 -1
0 -15.636898 7.680343 1.267143 0.032715 0.377952 -1
0 -23.516237 12.410898 1.707222 0.022200 0.300692 -1
0 -23.535196 11.730301 1.709991 0.022200 0.322790 -1
0 -25.493191 3.270606 2.082380 0.012887 0.419384 -1
0 -27.799046 -5.617419 2.287140 0.007691 0.542038 -1
0 -26.413155 -5.551762 2.173500 0.010453 0.542038 -1
0 -11.822816 -21.217945 0.919334 0.041082 0.764971 -1
0 22.055178 -6.044000 3.180163 0.125000 0.610047 -1
0 29.243006 1.855057 2.385221 0.125000 0.480063 -1
0 18.763348 -8.015023 5.601520 0.171875 0.640084 -1
0 18.528111 13.554811 -1.527657 0.125000 0.297948 -1
0 19.801945 11.347440 0.158219 0.156250 0.343477 -1
0 6.580772 6.097363 4.153262 0.203125 0.388940 -1
0 9.550640 10.119062 2.222457 0.171875 0.233364 -1
0 -9.084410 26.595932 2.577895 0.156250 0.017780 -1
0 -9.418137 7.494811 0.689723 0.125000 0.356812 -1
0 -9.130789 0.811644 0.655341 0.125000 0.475749 -1
0 -5.104646 16.010817 7.859685 0.250000 0.208916 -1
0 -13.721631 4.689235 3.993584 0.171875 0.419581 -1
0 -26.346090 0.141018 4.055417 0.156250 0.457838 -1
0 -27.424500 -0.934336 3.738895 0.156250 0.480063 -1
0 -7.657331 -25.108391 1.775643 0.125000 0.870016 -1
0 0.777407 -29.169741 1.564991 0.125000 1.000000 -1
0 -9.069130 -20.807014 3.877914 0.171875 0.805024 -1
0 24.899174 -5.846009 -2.029121 0.109375 0.605175 -1
0 33.120152 2.570207 -2.717563 0.125000 0.480063 -1
0 20.738674 -8.994638 -1.682696 0.101563 0.651157 -1
0 22.111809 13.284760 -1.820726 0.105957 0.326389 -1
0 18.394743 16.380085 -1.521781 0.099609 0.275164 -1
0 22.449749 11.665056 -1.845514 0.107111 0.351752 -1
0 12.561525 8.675213 -1.044453 0.087890 0.368914 -1
0 16.597980 12.169029 -1.367079 0.095703 0.339559 -1
0 16.172592 10.612060 -1.329452 0.094726 0.358420 -1
0 9.155048 12.143442 -0.771614 0.081543 0.307108 -1
0 11.854387 14.573677 -0.796133 0.082519 0.194774 -1
0 -6.845370 30.005474 1.220428 0.051757 0.026274 -1
0 -4.833412 29.450218 0.937729 0.055664 0.037993 -1
0 -11.564760 11.543964 0.371145 0.041015 0.306691 -1
0 -11.045299 11.064947 0.344662 0.041991 0.314503 -1
0 -10.486825 22.017923 1.314183 0.043945 0.143184 -1
0 -9.915845 20.824739 1.533980 0.044921 0.162045 -1
0 -12.154350 5.516701 0.456872 0.039306 0.400302 -1
0 -15.613199 8.531089 1.263682 0.032715 0.350330 -1
0 -28.742252 1.806716 2.351136 0.006243 0.428340 -1
0 -27.225555 3.188534 2.224430 0.009435 0.419384 -1
0 -7.773837 -23.815447 0.679329 0.046840 0.855232 -1
0 -10.739460 -20.126598 0.915661 0.041082 0.792593 -1
0 23.956985 7.276362 -1.571218 0.125000 0.389006 -1
0 13.643288 6.895988 -1.129884 0.125000 0.386849 -1
0 12.328219 -1.159052 10.492937 0.250000 0.506733 -1
0 7.576873 29.723038 -0.673750 0.125000 0.000000 -1
0 -24.279888 5.166238 2.106725 0.125000 0.389006 -1
0 -23.271996 1.263851 6.718011 0.218750 0.457838 -1
0 -13.966822 -10.469956 5.419863 0.203125 0.675039 -1
0 4.246708 -24.767593 -0.303609 0.070313 0.884808 -1
0 28.220434 3.973793 -2.318720 0.117787 0.453953 -1
0 12.169478 6.411924 -1.008295 0.086914 0.398823 -1
0 5.338643 29.787457 -0.371639 0.075683 0.049712 -1
0 -10.606937 24.995676 1.569805 0.043945 0.096448 -1
0 -10.899427 7.730111 0.212180 0.041991 0.366764 -1
0 -23.544676 11.390002 1.711375 0.022200 0.333839 -1
0 -25.720207 -5.518933 2.116680 0.011834 0.542038 -1
0 -7.457615 15.622799 4.311351 0.187500 0.213966 -1
0 31.056572 0.642733 -2.545085 0.121094 0.508579 -1
0 9.027138 4.284636 -0.747095 0.080566 0.419441 -1
0 9.442847 29.825760 -0.826781 0.083740 0.054357 -1
0 -11.246511 28.452446 1.851910 0.042968 0.041899 -1
0 -10.753555 4.395276 0.079697 0.041991 0.419024 -1
0 -21.328062 13.531624 1.525980 0.026612 0.287691 -1
0 -30.418196 -1.912156 2.495062 0.002623 0.479399 -1
0 -1.593038 -29.266647 0.182781 0.058930 0.949190 -1
0 9.474825 31.790461 -0.832911 0.083984 0.026274 -1
0 -9.040615 0.815726 0.739087 0.044921 0.475608 -1
0 5.983112 -8.078041 7.049470 0.250000 0.622304 -1
0 -22.026798 12.971087 1.805853 0.125000 0.297948 -1
429
0.100096 -0.594383 0.797929
0.707707 -0.463740 0.533008
0.353720 -0.565570 0.744992
0.243386 -0.733065 0.635121
0.630990 -0.468450 0.618390
0.201797 -0.430652 0.879669
0.594467 0.567039 0.570155
0.592132 0.676330 0.438130
0.598307 0.691876 0.404148
0.603093 0.696071 0.389570
0.633898 0.666056 0.393120
0.619038 0.700704 0.354691
0.087789 0.711109 0.697580
-0.633099 0.518199 0.575026
-0.560550 0.670450 0.486086
-0.786225 0.394542 0.475591
0.175590 0.311096 0.934017
-0.793674 0.037570 0.607182
0.916841 0.042454 0.396988
0.916841 0.042454 0.396988
0.861981 -0.227435 0.453059
0.787715 0.023658 0.615586
0.916841 0.042454 0.396988
-0.067888 0.876828 0.475988
-0.067888 0.876828 0.475988
-0.067888 0.876828 0.475988
-0.086999 0.854427 0.512235
-0.086999 0.854427 0.512235
-0.086999 0.854427 0.512235
-0.570866 0.502436 0.649361
-0.839615 -0.038887 0.541789
-0.839615 -0.038887 0.541789
-0.826237 -0.047209 0.561340
-0.107913 0.612137 0.783354
-0.826237 -0.047209 0.561340
0.718326 0.659335 0.222000
0.718326 0.659335 0.222000
0.665901 0.656658 0.354086
0.592663 0.657242 0.465600
0.581421 0.634625 0.509118
-0.034868 0.624372 0.780348
-0.804707 0.050428 0.591526
-0.678156 0.288532 0.675909
-0.663464 0.498032 0.558373
-0.663609 0.502332 0.554333
-0.663609 0.502332 0.554334
-0.679003 0.168235 0.714599
-0.536670 -0.350649 0.767483
-0.504435 -0.315861 0.803603
-0.573137 -0.418752 0.704387
-0.273773 -0.530494 0.802262
-0.252524 -0.279770 0.926261
0.081639 0.001781 0.996660
0.081639 0.001781 0.996660
0.072877 0.017967 0.997179
0.018137 -0.195217 0.980592
0.558753 -0.500334 0.661409
-0.274912 -0.056046 0.959834
0.545606 -0.047534 0.836693
0.321836 0.246146 0.914240
-0.031146 0.048474 0.998339
0.082218 -0.000384 0.996614
0.081640 0.001781 0.996660
0.080790 -0.000394 0.996731
0.081640 0.001781 0.996660
0.081639 0.001781 0.996660
0.126442 0.185736 0.974430
0.081639 0.001781 0.996660
0.081639 0.001781 0.996660
0.081639 0.001781 0.996660
0.058979 -0.060989 0.996394
0.013775 -0.119584 -0.992728
0.076606 -0.078622 0.993957
0.175121 0.039983 0.983735
0.076712 0.005899 0.997036
0.128810 -0.037785 0.990949
0.128810 -0.037785 0.990949
0.103745 -0.004596 0.994593
0.128489 0.029908 0.991260
0.127809 0.083965 0.988238
0.127809 0.083965 0.988238
0.076232 -0.013566 0.996998
-0.029145 -0.086660 0.995812
-0.009334 -0.015548 0.999836
-0.029273 0.138479 0.989933
0.149150 0.247715 0.957283
-0.457180 -0.055262 0.887656
0.516002 0.387636 0.763859
0.516002 0.387636 0.763859
0.317390 0.229839 0.920021
0.044758 -0.014015 0.998900
0.122860 0.108272 0.986500
0.236977 0.136475 0.961882
0.081639 0.001781 0.996660
0.081639 0.001781 0.996660
0.125159 0.009891 0.992087
0.081872 -0.003166 0.996638
0.082026 -0.006464 0.996609
0.145775 0.073244 0.986603
-0.016126 0.070375 -0.997390
0.238491 0.049481 0.969883
0.072687 0.159532 -0.984513
-0.010971 0.097885 -0.995137
-0.036582 0.057162 -0.997694
0.531263 -0.808415 0.253427
0.491278 -0.870950 0.009603
0.653599 -0.512483 0.556929
0.630990 -0.468450 0.618390
0.646187 0.577841 0.498540
0.669409 0.524744 0.525867
0.641546 0.623615 0.446680
0.673368 0.517346 0.528137
-0.599786 0.706660 0.375350
-0.696009 0.595513 0.401168
-0.569441 0.718637 0.399122
-0.626518 0.592263 0.506655
-0.532055 0.725269 0.436925
0.440351 0.542963 0.715040
0.916841 0.042454 0.396988
0.834011 0.124128 0.537604
0.861251 0.110552 0.496009
-0.067888 0.876828 0.475988
-0.067888 0.876828 0.475988
-0.067888 0.876828 0.475987
-0.080648 0.862103 0.500274
-0.086999 0.854427 0.512235
-0.839615 -0.038887 0.541789
-0.839615 -0.038887 0.541789
-0.832992 -0.043052 0.551608
-0.826237 -0.047209 0.561340
-0.826237 -0.047209 0.561340
0.718327 0.659335 0.222000
0.658304 0.655373 0.370301
0.603313 0.707293 0.368442
0.588054 0.698003 0.408638
-0.663202 0.491549 0.564396
-0.663202 0.491549 0.564396
-0.663424 0.496954 0.559380
-0.663610 0.502332 0.554333
-0.684884 0.291379 0.667856
-0.679742 -0.588087 0.438298
-0.665764 -0.452063 0.593630
-0.278865 -0.654265 0.702974
-0.014523 -0.709395 0.704661
-0.010002 0.146828 0.989112
-0.548739 0.831136 0.089991
0.214106 -0.156066 0.964262
-0.001195 0.026099 0.999659
0.084198 0.001161 0.996448
0.085127 0.001419 0.996369
0.081640 0.001781 0.996660
0.081640 0.001781 0.996660
0.081993 -0.001559 0.996632
0.080751 -0.000696 0.996734
0.079588 0.000711 0.996828
0.081639 0.001781 0.996660
0.077919 0.001036 0.996959
0.081639 0.001781 0.996660
0.081640 0.001781 0.996660
0.207319 -0.073735 0.975491
0.150063 0.032772 0.988133
0.123157 0.027248 0.992013
0.128810 -0.037785 0.990949
0.128810 -0.037785 0.990949
0.128354 0.043453 0.990776
0.127809 0.083965 0.988238
-0.029145 -0.086660 0.995812
-0.029145 -0.086660 0.995812
-0.249345 -0.072765 0.965677
-0.457180 -0.055262 0.887656
-0.457180 -0.055262 0.887656
0.359578 0.245100 0.900350
0.213324 0.172309 0.961667
0.081639 0.001781 0.996660
0.053875 0.031578 0.998048
0.060753 0.027958 0.997761
0.075620 -0.000281 0.997137
0.063570 -0.004404 0.997968
0.024954 0.133259 -0.990767
-0.049426 0.033804 -0.998206
0.081499 0.004762 0.996662
0.081640 0.001781 0.996660
0.693782 -0.525448 0.492514
0.679872 -0.572541 0.458225
0.679872 -0.572541 0.458227
0.658639 -0.523043 0.540944
0.189018 -0.338812 0.921672
0.630990 -0.468449 0.618390
-0.294791 0.466718 0.833830
0.332917 0.686134 0.646828
0.633898 0.666056 0.393120
0.633898 0.666056 0.393120
-0.029264 0.699408 0.714123
-0.633955 0.472315 0.612389
-0.626518 0.592263 0.506655
-0.686140 0.568242 0.454217
0.536187 -0.840280 0.080202
0.872818 0.116994 0.473815
0.916841 0.042454 0.396988
0.916842 0.042454 0.396988
0.328429 0.755243 0.567223
-0.067888 0.876828 0.475988
-0.080648 0.862103 0.500274
-0.086999 0.854428 0.512235
-0.839615 -0.038887 0.541789
-0.839615 -0.038887 0.541789
-0.826237 -0.047209 0.561340
-0.826237 -0.047209 0.561340
0.647306 0.704305 0.291460
0.651422 0.692518 0.309950
0.658304 0.655373 0.370301
0.581421 0.634625 0.509118
0.581421 0.634625 0.509118
-0.663202 0.491549 0.564396
-0.786333 0.385205 0.483009
-0.663609 0.502332 0.554333
-0.597546 0.102609 0.795242
-0.330637 -0.670268 0.664394
-0.400468 -0.909542 0.111166
-0.277735 -0.613394 0.739332
-0.442403 -0.505199 0.740982
-0.498750 -0.438319 0.747747
-0.543898 -0.558041 0.626710
0.028977 0.046902 0.998479
0.081639 0.001781 0.996660
0.077259 0.001573 0.997010
0.080399 0.000498 0.996763
0.096053 -0.005303 0.995362
0.081812 -0.001883 0.996646
-0.142284 0.157174 0.977267
0.081639 0.001781 0.996660
0.073543 0.153256 0.985446
-0.097141 0.130484 0.986680
0.080380 -0.000685 0.996764
-0.459212 -0.023524 0.888015
0.081639 0.001781 0.996660
0.081639 0.001781 0.996660
0.081639 0.001781 0.996660
0.081639 0.001781 0.996660
0.081028 0.011422 0.996646
0.065214 0.006297 0.997851
0.144481 -0.141038 -0.979405
0.767657 -0.628766 0.123922
0.128810 -0.037785 0.990949
0.128810 -0.037785 0.990949
0.128810 -0.037785 0.990949
0.128548 0.023133 0.991434
0.127809 0.083965 0.988238
0.127809 0.083964 0.988238
-0.029145 -0.086660 0.995812
-0.029145 -0.086660 0.995812
-0.029145 -0.086660 0.995812
-0.457180 -0.055262 0.887656
-0.457180 -0.055262 0.887656
-0.457180 -0.055262 0.887656
0.422675 0.387931 0.819057
0.409290 0.351000 0.842188
0.370536 0.254925 0.893150
0.081639 0.001781 0.996660
0.081639 0.001781 0.996660
0.081639 0.001781 0.996660
0.081639 0.001781 0.996660
0.081639 0.001781 0.996660
0.090670 0.004625 0.995870
0.116555 -0.049969 -0.991926
0.081639 0.001781 0.996660
0.781857 0.623133 -0.020090
-0.040948 0.043135 -0.998230
0.073143 0.158713 -0.984612
0.077675 0.018897 0.996800
0.079245 0.010144 0.996804
0.072927 0.001368 0.997336
0.210282 -0.814382 0.540891
0.625598 -0.169254 0.761564
0.820200 0.148841 0.552375
0.166124 0.816804 0.552480
0.633898 0.666056 0.393120
-0.393353 0.796819 0.458642
-0.724044 0.601354 0.337836
0.916841 0.042454 0.396988
0.902653 0.092937 0.420215
0.640777 0.516756 0.567775
-0.076402 0.867106 0.492230
-0.086999 0.854427 0.512235
-0.832992 -0.043052 0.551608
-0.831651 -0.043884 0.553562
-0.826237 -0.047209 0.561340
0.718326 0.659335 0.222000
0.581421 0.634625 0.509117
-0.663610 0.502332 0.554333
-0.663609 0.502332 0.554333
-0.823956 -0.443081 0.353236
-0.293599 -0.595166 0.748049
0.074354 0.029863 0.996785
0.294521 -0.525513 0.798181
0.094042 -0.435534 0.895247
0.082941 -0.000059 0.996554
0.081640 0.001781 0.996660
0.081640 0.001781 0.996660
0.083412 -0.004093 0.996507
0.081639 0.001781 0.996660
0.081639 0.001781 0.996660
0.081640 0.001781 0.996660
0.081639 0.001781 0.996660
0.081639 0.001781 0.996660
0.128548 0.023133 0.991434
0.127809 0.083965 0.988238
0.127809 0.083965 0.988238
-0.029145 -0.086660 0.995812
-0.457180 -0.055262 0.887655
0.516002 0.387636 0.763859
0.081639 0.001781 0.996660
0.081639 0.001781 0.996660
0.945882 -0.324326 0.010942
0.347473 -0.035691 0.937010
0.082416 -0.014920 0.996486
0.709459 0.704693 -0.008698
0.081640 0.001781 0.996660
0.081640 0.001781 0.996660
0.699828 -0.501096 0.509062
-0.465838 0.158552 0.870549
0.665679 0.655930 0.355848
0.602281 0.733506 0.315001
0.016660 0.850234 0.526142
0.094365 0.603844 0.791497
0.490742 -0.865713 -0.098554
0.916841 0.042454 0.396988
-0.067888 0.876828 0.475988
-0.702657 0.308488 0.641178
-0.086999 0.854427 0.512236
-0.399592 0.679996 0.614761
-0.839615 -0.038887 0.541789
0.254964 0.671321 0.695932
-0.826237 -0.047209 0.561340
0.718326 0.659335 0.222000
-0.627322 0.265304 0.732175
-0.070692 0.733832 0.675642
-0.663610 0.502331 0.554334
-0.324622 -0.348861 0.879157
0.076935 0.001558 0.997035
0.074582 0.001447 0.997214
-0.440162 0.219689 0.870629
0.046304 0.509624 0.859150
0.078150 -0.003922 0.996934
0.081639 0.001781 0.996660
0.081639 0.001781 0.996660
0.081639 0.001781 0.996660
-0.032816 -0.998197 0.050256
0.081640 0.001781 0.996660
0.128810 -0.037785 0.990949
0.127809 0.083965 0.988238
-0.029145 -0.086660 0.995812
-0.029145 -0.086660 0.995812
-0.457180 -0.055261 0.887656
0.516002 0.387636 0.763859
0.162204 0.161129 0.973513
0.081639 0.001781 0.996660
0.081639 0.001781 0.996660
0.991789 0.124436 0.029513
0.133077 0.266805 0.954519
0.076509 0.101779 0.991861
0.076853 -0.007328 0.997016
0.679877 -0.644404 0.350014
-0.147126 -0.219327 0.964494
0.630991 -0.468450 0.618390
0.636916 0.537990 0.552181
0.916841 0.042454 0.396988
0.610463 -0.377169 0.696476
-0.086998 0.854428 0.512235
-0.839615 -0.038887 0.541789
-0.323315 0.499555 0.803686
-0.826237 -0.047209 0.561340
0.595267 0.701895 0.391153
-0.663464 0.498031 0.558373
-0.663610 0.502331 0.554334
-0.408286 -0.571035 0.712195
-0.070958 -0.720983 0.689310
-0.543898 -0.558040 0.626711
0.081639 0.001781 0.996660
0.288492 -0.225596 0.930526
0.670496 -0.694486 0.261006
0.081639 0.001781 0.996660
0.081639 0.001781 0.996660
0.081640 0.001781 0.996660
0.081639 0.001781 0.996660
0.079455 0.001047 0.996838
0.075547 0.002278 0.997140
-0.000895 -0.996305 -0.085876
0.189103 0.041079 0.981098
0.128810 -0.037785 0.990949
0.127809 0.083965 0.988238
-0.029145 -0.086660 0.995812
-0.292935 -0.069474 0.953605
-0.205242 -0.075906 0.975763
-0.457180 -0.055262 0.887656
0.516002 0.387635 0.763859
0.234524 0.203918 0.950482
0.081640 0.001781 0.996660
0.081640 0.001781 0.996660
0.112668 0.055089 0.992104
0.528434 0.848727 -0.020492
0.620312 0.628566 0.469167
-0.630026 0.562269 0.535650
-0.803067 0.387249 0.452903
0.503299 0.625460 0.596230
-0.837847 0.180678 0.515139
-0.663609 0.502332 0.554333
-0.552265 -0.412417 0.724511
-0.700338 0.705029 0.111627
-0.401171 0.330885 0.854153
0.081639 0.001781 0.996660
0.128810 -0.037785 0.990949
-0.029145 -0.086660 0.995812
-0.457180 -0.055262 0.887656
0.081639 0.001781 0.996660
0.888653 0.458414 -0.012353
-0.839615 -0.038887 0.541789
0.611301 -0.609271 0.505074
0.081640 0.001781 0.996660
0.081639 0.001781 0.996660
0.127809 0.083965 0.988238
0.516002 0.387636 0.763859
0.081639 0.001781 0.996660
0.964517 -0.079490 0.251772
0.081640 0.001781 0.996660
0.097404 -0.011413 0.995179
0.052551 0.125017 0.990762
0.635575 0.356532 0.684785
0.277242 0.777663 0.564250
576
0 0 1 2 0 1 2 1
0 3 4 5 3 4 5 1
0 6 7 8 6 7 8 1
0 9 10 11 9 10 11 1
0 12 13 14 12 13 14 1
0 15 16 17 15 16 17 1
0 18 19 20 18 19 20 1
0 20 21 22 20 21 22 1
0 23 24 25 23 24 25 1
0 26 27 28 26 27 28 1
0 29 30 31 29 30 31 1
0 32 33 34 32 33 34 1
0 35 36 37 35 36 37 1
0 37 38 39 37 38 39 1
0 40 41 42 40 41 42 1
0 43 44 45 43 44 45 1
0 46 47 48 46 47 48 1
0 49 50 51 49 50 51 1
0 52 53 54 52 53 54 1
0 55 56 57 55 56 57 1
0 58 59 60 58 59 60 1
0 61 62 63 61 62 63 1
0 64 65 66 64 65 66 1
0 67 68 69 67 68 69 1
0 70 71 72 70 71 72 1
0 72 73 74 72 73 74 1
0 75 76 77 75 76 77 1
0 78 79 80 78 79 80 1
0 81 82 83 81 82 83 1
0 84 85 86 84 85 86 1
0 87 88 89 87 88 89 1
0 89 90 91 89 90 91 1
0 92 93 94 92 93 94 1
0 95 96 97 95 96 97 1
0 98 99 100 98 99 100 1
0 101 102 103 101 102 103 1
0 104 105 3 104 105 3 1
0 106 107 4 106 107 4 1
0 108 109 110 108 109 110 1
0 111 12 110 111 12 110 1
0 112 113 114 112 113 114 1
0 114 115 116 114 115 116 1
0 117 18 118 117 18 118 1
0 119 120 21 119 120 21 1
0 121 122 123 121 122 123 1
0 124 29 125 124 29 125 1
0 126 127 128 126 127 128 1
0 128 129 130 128 129 130 1
0 131 37 132 131 37 132 1
0 133 134 38 133 134 38 1
0 135 136 137 135 136 137 1
0 138 139 137 138 139 137 1
0 140 141 49 140 141 49 1
0 142 143 50 142 143 50 1
0 144 145 55 144 145 55 1
0 146 60 147 146 60 147 1
0 148 149 61 148 149 61 1
0 150 66 151 150 66 151 1
0 152 153 154 152 153 154 1
0 154 155 156 154 155 156 1
0 157 158 159 157 158 159 1
0 160 77 161 160 77 161 1
0 162 163 78 162 163 78 1
0 164 83 165 164 83 165 1
0 166 167 168 166 167 168 1
0 168 169 170 168 169 170 1
0 84 87 171 84 87 171 1
0 172 94 173 172 94 173 1
0 174 175 95 174 175 95 1
0 176 100 177 176 100 177 1
0 178 179 101 178 179 101 1
0 180 54 181 180 54 181 1
0 182 183 184 182 183 184 1
0 185 186 187 185 186 187 1
0 188 189 6 188 189 6 1
0 190 191 9 190 191 9 1
0 192 193 12 192 193 12 1
0 16 194 195 16 194 195 1
0 196 197 119 196 197 119 1
0 198 199 200 198 199 22 1
0 201 25 202 200 25 201 1
0 203 28 204 202 28 203 1
0 30 205 206 30 204 205 1
0 207 34 208 206 34 207 1
0 209 210 133 208 209 133 1
0 211 212 213 210 211 212 1
0 214 215 40 213 214 40 1
0 216 217 44 215 216 44 1
0 218 219 220 217 218 219 1
0 221 222 223 220 221 222 1
0 224 225 226 223 224 225 1
0 227 228 229 226 227 228 1
0 230 231 232 229 230 231 1
0 233 234 235 232 233 234 1
0 236 237 238 235 236 237 1
0 157 67 239 157 67 238 1
0 240 241 160 239 240 160 1
0 159 242 243 159 241 242 1
0 244 245 246 243 244 245 1
0 247 248 249 246 247 248 1
0 250 251 252 249 250 251 1
0 253 254 255 252 253 254 1
0 256 257 172 255 256 172 1
0 258 259 260 257 258 259 1
0 261 262 263 260 261 262 1
0 264 265 266 263 264 265 1
0 267 268 269 266 267 268 1
0 270 271 272 269 270 271 1
0 104 3 273 104 3 272 1
0 274 275 107 273 274 107 1
0 8 110 9 8 110 9 1
0 12 276 277 12 275 276 1
0 14 114 278 14 114 277 1
0 279 15 114 278 15 114 1
0 16 198 280 16 198 279 1
0 281 282 120 280 281 120 1
0 25 283 203 25 282 202 1
0 29 284 27 29 283 27 1
0 206 128 285 205 128 284 1
0 286 287 128 285 286 128 1
0 33 211 288 33 210 287 1
0 289 40 133 288 40 133 1
0 42 137 43 42 137 43 1
0 290 291 137 289 290 137 1
0 292 49 221 291 49 220 1
0 293 2 143 292 2 143 1
0 144 55 294 144 55 293 1
0 295 60 296 294 60 295 1
0 148 61 297 148 61 296 1
0 298 66 299 297 66 298 1
0 152 154 300 152 154 299 1
0 301 155 302 300 155 301 1
0 157 159 303 157 159 302 1
0 304 77 305 303 77 304 1
0 162 78 306 162 78 305 1
0 307 83 308 306 83 307 1
0 166 168 309 166 168 308 1
0 310 169 168 309 169 168 1
0 85 258 311 85 257 310 1
0 312 94 313 311 94 312 1
0 174 95 314 174 95 313 1
0 315 100 316 314 100 315 1
0 178 101 317 178 101 316 1
0 318 54 319 317 54 318 1
0 1 182 320 1 182 319 1
0 3 5 321 3 5 320 1
0 322 8 275 321 8 274 1
0 323 11 275 322 11 274 1
0 276 14 324 275 14 323 1
0 117 325 15 117 324 15 1
0 19 326 20 19 325 20 1
0 20 22 327 20 22 326 1
0 24 121 328 24 121 327 1
0 27 329 330 27 328 329 1
0 331 332 29 330 331 29 1
0 33 333 334 33 332 333 1
0 36 209 335 36 208 334 1
0 37 336 212 37 211 211 1
0 337 42 338 335 42 336 1
0 339 45 338 337 45 336 1
0 139 48 217 139 48 216 1
0 49 51 340 49 51 338 1
0 341 224 342 339 223 340 1
0 55 57 343 55 57 341 1
0 59 230 344 59 229 342 1
0 61 63 345 61 63 343 1
0 65 236 346 65 235 344 1
0 68 347 348 68 345 346 1
0 71 349 72 71 347 72 1
0 72 74 350 72 74 348 1
0 76 244 351 76 243 349 1
0 78 80 352 78 80 350 1
0 353 250 354 351 249 352 1
0 84 86 355 84 86 353 1
0 88 356 89 88 354 89 1
0 89 91 357 89 91 355 1
0 358 261 359 356 260 357 1
0 95 97 360 95 97 358 1
0 361 267 362 359 266 360 1
0 101 103 363 101 103 361 1
0 364 365 106 362 363 106 1
0 366 4 3 364 4 3 1
0 109 367 368 109 66 365 1
0 367 192 368 66 192 365 1
0 113 117 279 113 117 278 1
0 278 116 324 277 116 323 1
0 18 20 369 18 20 366 1
0 370 21 20 367 21 20 1
0 122 331 124 122 330 124 1
0 331 371 124 330 368 124 1
0 372 373 286 369 370 285 1
0 285 374 329 284 371 328 1
0 373 35 131 370 35 131 1
0 375 38 37 372 38 37 1
0 136 46 376 136 46 373 1
0 46 377 376 46 374 373 1
0 378 379 142 375 376 142 1
0 380 50 49 377 50 49 1
0 381 382 146 378 379 146 1
0 383 56 55 380 56 55 1
0 384 385 150 381 382 150 1
0 386 62 61 383 62 61 1
0 387 157 301 384 157 300 1
0 388 389 66 385 386 66 1
0 70 72 390 70 72 387 1
0 391 73 72 388 73 72 1
0 392 81 164 389 81 164 1
0 393 79 78 390 79 78 1
0 394 84 395 391 84 392 1
0 396 397 83 393 394 83 1
0 84 398 258 84 395 257 1
0 399 90 89 396 90 89 1
0 400 98 176 397 98 176 1
0 401 96 95 398 96 95 1
0 402 52 180 399 52 180 1
0 403 102 101 400 102 101 1
0 320 184 2 319 184 2 1
0 273 186 185 272 186 185 1
0 189 404 7 189 401 7 1
0 191 324 10 191 323 10 1
0 193 405 13 193 402 13 1
0 17 195 406 17 195 403 1
0 196 119 370 196 119 367 1
0 369 199 198 366 199 198 1
0 407 23 201 404 23 200 1
0 283 26 203 282 26 202 1
0 31 206 329 31 205 328 1
0 373 32 207 370 32 206 1
0 209 133 375 208 133 372 1
0 132 212 211 132 211 210 1
0 215 408 41 214 405 41 1
0 137 409 216 137 406 215 1
0 48 220 217 48 219 216 1
0 410 222 221 407 221 220 1
0 224 226 411 223 225 408 1
0 294 228 227 293 227 226 1
0 230 232 412 229 231 409 1
0 297 234 233 296 233 232 1
0 346 238 66 344 237 66 1
0 413 239 155 410 238 155 1
0 240 160 391 239 160 388 1
0 390 242 159 387 241 159 1
0 244 246 414 243 245 411 1
0 306 248 247 305 247 246 1
0 250 252 415 249 251 412 1
0 416 254 253 413 253 252 1
0 256 172 399 255 172 396 1
0 171 259 258 171 258 257 1
0 261 263 417 260 262 414 1
0 314 265 264 313 264 263 1
0 267 269 418 266 268 415 1
0 317 271 270 316 270 269 1
0 184 185 2 184 185 2 1
0 365 6 274 363 6 273 1
0 404 108 8 401 108 8 1
0 276 324 191 275 323 191 1
0 405 112 14 402 112 14 1
0 15 406 115 15 403 115 1
0 325 198 16 324 198 16 1
0 407 201 281 404 200 280 1
0 328 283 25 327 282 25 1
0 125 27 283 125 27 282 1
0 126 128 419 126 128 416 1
0 373 207 286 370 206 285 1
0 373 131 33 370 131 33 1
0 40 338 134 40 336 134 1
0 408 135 42 405 135 42 1
0 291 217 409 290 216 406 1
0 220 221 217 219 220 216 1
0 379 0 293 376 0 292 1
0 226 227 54 225 226 54 1
0 420 60 295 417 60 294 1
0 232 233 60 231 232 60 1
0 385 64 298 382 64 297 1
0 238 388 66 237 385 66 1
0 157 413 301 157 410 300 1
0 68 421 347 68 418 345 1
0 422 77 304 419 77 303 1
0 246 247 77 245 246 77 1
0 81 423 307 81 420 306 1
0 252 396 83 251 393 83 1
0 84 253 395 84 252 392 1
0 424 258 85 421 257 85 1
0 425 94 312 422 94 311 1
0 263 264 94 262 263 94 1
0 98 426 315 98 423 314 1
0 269 270 100 268 269 100 1
0 427 54 318 424 54 317 1
0 379 1 0 376 1 0 1
0 4 275 5 4 274 5 1
0 7 404 8 7 401 8 1
0 10 324 11 10 323 11 1
0 13 405 14 13 402 14 1
0 15 17 406 15 17 403 1
0 117 19 18 117 19 18 1
0 21 282 22 21 281 22 1
0 407 24 23 404 24 23 1
0 283 27 26 282 27 26 1
0 29 31 329 29 31 328 1
0 373 33 32 370 33 32 1
0 373 36 35 370 36 35 1
0 38 338 39 38 336 39 1
0 41 408 42 41 405 42 1
0 44 217 45 44 216 45 1
0 47 218 48 47 217 48 1
0 50 2 51 50 2 51 1
0 53 341 54 53 339 54 1
0 56 60 57 56 60 57 1
0 382 59 58 379 59 58 1
0 62 66 63 62 66 63 1
0 385 65 64 382 65 64 1
0 157 68 67 157 68 67 1
0 157 71 70 157 71 70 1
0 73 77 74 73 77 74 1
0 428 76 75 425 76 75 1
0 79 83 80 79 83 80 1
0 82 353 83 82 351 83 1
0 85 429 86 85 426 86 1
0 84 88 87 84 88 87 1
0 90 94 91 90 94 91 1
0 93 358 94 93 356 94 1
0 96 100 97 96 100 97 1
0 99 361 100 99 359 100 1
0 102 54 103 102 54 103 1
0 105 364 3 105 362 3 1
0 107 275 4 107 274 4 1
0 404 109 108 401 109 108 1
0 368 12 111 365 12 111 1
0 405 113 112 402 113 112 1
0 115 406 116 115 403 116 1
0 117 118 198 117 118 198 1
0 120 282 21 120 281 21 1
0 121 123 283 121 123 282 1
0 124 125 283 124 125 282 1
0 127 372 128 127 369 128 1
0 128 130 374 128 130 371 1
0 131 132 211 131 132 210 1
0 134 338 38 134 336 38 1
0 408 136 135 405 136 135 1
0 376 139 138 373 139 138 1
0 141 378 49 141 375 49 1
0 143 2 50 143 2 50 1
0 145 381 55 145 378 55 1
0 146 147 56 146 147 56 1
0 149 384 61 149 381 61 1
0 150 151 62 150 151 62 1
0 153 387 154 153 384 154 1
0 154 156 389 154 156 386 1
0 158 70 159 158 70 159 1
0 160 161 73 160 161 73 1
0 163 392 78 163 389 78 1
0 164 165 79 164 165 79 1
0 167 394 168 167 391 168 1
0 168 170 397 168 170 394 1
0 87 89 171 87 89 171 1
0 172 173 90 172 173 90 1
0 175 400 95 175 397 95 1
0 176 177 96 176 177 96 1
0 179 402 101 179 399 101 1
0 180 181 102 180 181 102 1
0 183 104 184 183 104 184 1
0 185 187 2 185 187 2 1
0 365 189 188 363 189 188 1
0 110 191 190 110 191 190 1
0 367 193 192 66 193 192 1
0 194 430 195 194 427 195 1
0 197 407 119 197 404 119 1
0 198 200 430 198 22 427 1
0 201 202 282 200 201 281 1
0 203 204 282 202 203 281 1
0 205 126 206 204 126 205 1
0 207 208 129 206 207 129 1
0 210 431 133 209 428 133 1
0 211 213 333 210 212 332 1
0 431 215 214 428 214 213 1
0 216 44 43 215 44 43 1
0 219 140 220 218 140 219 1
0 221 223 217 220 222 216 1
0 225 144 226 224 144 225 1
0 227 229 54 226 228 54 1
0 231 148 232 230 148 231 1
0 233 235 60 232 234 60 1
0 237 152 238 236 152 237 1
0 67 69 239 67 69 238 1
0 241 428 160 240 425 160 1
0 159 243 347 159 242 345 1
0 245 162 246 244 162 245 1
0 247 249 77 246 248 77 1
0 251 166 252 250 166 251 1
0 253 255 169 252 254 169 1
0 257 92 172 256 92 172 1
0 258 260 429 257 259 426 1
0 262 174 263 261 174 262 1
0 264 266 94 263 265 94 1
0 268 178 269 267 178 268 1
0 270 272 100 269 271 100 1
0 104 273 185 104 272 185 1
0 274 107 106 273 107 106 1
0 8 9 275 8 9 274 1
0 12 277 110 12 276 110 1
0 14 278 324 14 277 323 1
0 117 15 279 117 15 278 1
0 16 280 430 16 279 427 1
0 281 120 119 280 120 119 1
0 25 203 282 25 202 281 1
0 284 329 27 283 328 27 1
0 206 285 329 205 284 328 1
0 287 129 128 286 129 128 1
0 33 288 333 33 287 332 1
0 431 40 289 428 40 288 1
0 42 43 338 42 43 336 1
0 139 291 290 139 290 289 1
0 140 49 292 140 49 291 1
0 293 143 142 292 143 142 1
0 144 294 227 144 293 226 1
0 295 296 146 294 295 146 1
0 148 297 233 148 296 232 1
0 298 299 150 297 298 150 1
0 152 300 388 152 299 385 1
0 301 302 154 300 301 154 1
0 157 303 421 157 302 418 1
0 304 305 160 303 304 160 1
0 162 306 247 162 305 246 1
0 307 308 164 306 307 164 1
0 166 309 396 166 308 393 1
0 395 169 310 392 169 309 1
0 85 311 429 85 310 426 1
0 312 313 172 311 312 172 1
0 174 314 264 174 313 263 1
0 315 316 176 314 315 176 1
0 178 317 270 178 316 269 1
0 318 319 180 317 318 180 1
0 1 320 2 1 319 2 1
0 3 321 186 3 320 186 1
0 6 8 322 6 8 321 1
0 9 11 323 9 11 322 1
0 12 14 276 12 14 275 1
0 325 16 15 324 16 15 1
0 326 196 20 325 196 20 1
0 20 327 199 20 326 199 1
0 24 328 25 24 327 25 1
0 27 330 28 27 329 28 1
0 332 30 29 331 30 29 1
0 33 334 34 33 333 34 1
0 36 335 37 36 334 37 1
0 336 39 212 211 39 211 1
0 40 42 337 40 42 335 1
0 43 45 339 43 45 337 1
0 46 48 139 46 48 139 1
0 49 340 222 49 338 221 1
0 341 342 54 339 340 54 1
0 55 343 228 55 341 227 1
0 59 344 60 59 342 60 1
0 61 345 234 61 343 233 1
0 65 346 66 65 344 66 1
0 68 348 69 68 346 69 1
0 349 240 72 347 239 72 1
0 72 350 242 72 348 241 1
0 76 351 77 76 349 77 1
0 78 352 248 78 350 247 1
0 353 354 83 351 352 83 1
0 84 355 254 84 353 253 1
0 356 256 89 354 255 89 1
0 89 357 259 89 355 258 1
0 358 359 94 356 357 94 1
0 95 360 265 95 358 264 1
0 361 362 100 359 360 100 1
0 101 363 271 101 361 270 1
0 364 106 3 362 106 3 1
0 106 4 366 106 4 364 1
0 109 368 110 109 365 110 1
0 192 12 368 192 12 365 1
0 113 279 114 113 278 114 1
0 114 116 278 114 116 277 1
0 18 369 198 18 366 198 1
0 119 21 370 119 21 367 1
0 122 124 283 122 124 282 1
0 371 29 124 368 29 124 1
0 372 286 128 369 285 128 1
0 128 374 285 128 371 284 1
0 35 37 131 35 37 131 1
0 133 38 375 133 38 372 1
0 136 376 137 136 373 137 1
0 377 139 376 374 139 373 1
0 378 142 49 375 142 49 1
0 142 50 380 142 50 377 1
0 381 146 55 378 146 55 1
0 146 56 383 146 56 380 1
0 384 150 61 381 150 61 1
0 150 62 386 150 62 383 1
0 387 301 154 384 300 154 1
0 154 389 388 154 386 385 1
0 70 390 159 70 387 159 1
0 160 73 391 160 73 388 1
0 392 164 78 389 164 78 1
0 164 79 393 164 79 390 1
0 394 395 168 391 392 168 1
0 168 397 396 168 394 393 1
0 398 171 258 395 171 257 1
0 172 90 399 172 90 396 1
0 400 176 95 397 176 95 1
0 176 96 401 176 96 398 1
0 402 180 101 399 180 101 1
0 180 102 403 180 102 400 1
0 182 184 320 182 184 319 1
0 3 186 273 3 186 272 1
0 189 7 6 189 7 6 1
0 191 10 9 191 10 9 1
0 193 13 12 193 13 12 1
0 16 195 17 16 195 17 1
0 196 370 20 196 367 20 1
0 20 199 369 20 199 366 1
0 23 25 201 23 25 200 1
0 26 28 203 26 28 202 1
0 30 206 31 30 205 31 1
0 32 34 207 32 34 206 1
0 209 375 37 208 372 37 1
0 37 212 132 37 211 132 1
0 215 41 40 214 41 40 1
0 409 217 216 406 216 215 1
0 218 220 48 217 219 48 1
0 49 222 410 49 221 407 1
0 224 411 54 223 408 54 1
0 55 228 294 55 227 293 1
0 230 412 60 229 409 60 1
0 61 234 297 61 233 296 1
0 236 238 346 235 237 344 1
0 157 239 413 157 238 410 1
0 240 391 72 239 388 72 1
0 72 242 390 72 241 387 1
0 244 414 77 243 411 77 1
0 78 248 306 78 247 305 1
0 250 415 83 249 412 83 1
0 84 254 416 84 253 413 1
0 256 399 89 255 396 89 1
0 89 259 171 89 258 171 1
0 261 417 94 260 414 94 1
0 95 265 314 95 264 313 1
0 267 418 100 266 415 100 1
0 101 271 317 101 270 316 1
0 104 185 184 104 185 184 1
0 6 275 274 6 274 273 1
0 108 110 8 108 110 8 1
0 276 191 110 275 191 110 1
0 112 114 14 112 114 14 1
0 15 115 114 15 115 114 1
0 117 198 325 117 198 324 1
0 201 282 281 200 281 280 1
0 121 283 328 121 282 327 1
0 29 27 125 29 27 125 1
0 126 419 206 126 416 205 1
0 207 129 286 206 129 285 1
0 131 211 33 131 210 33 1
0 40 134 133 40 134 133 1
0 135 137 42 135 137 42 1
0 291 409 137 290 406 137 1
0 140 221 220 140 220 219 1
0 0 2 293 0 2 292 1
0 144 227 226 144 226 225 1
0 382 60 420 379 60 417 1
0 148 233 232 148 232 231 1
0 64 66 298 64 66 297 1
0 152 388 238 152 385 237 1
0 413 155 301 410 155 300 1
0 157 421 68 157 418 68 1
0 428 77 422 425 77 419 1
0 162 247 246 162 246 245 1
0 423 83 307 420 83 306 1
0 166 396 252 166 393 251 1
0 253 169 395 252 169 392 1
0 84 258 424 84 257 421 1
0 92 94 425 92 94 422 1
0 174 264 263 174 263 262 1
0 426 100 315 423 100 314 1
0 178 270 269 178 269 268 1
0 52 54 427 52 54 424 1

Materials: 2
"19 - Default"
0.588235 0.588235 0.588235 1.000000
0.588235 0.588235 0.588235 1.000000
0.898039 0.898039 0.898039 1.000000
0.000000 0.000000 0.000000 1.000000
12.799999
1.000000
"textures\Tap Note parts (mipmaps).ini"
""
"19 - Default"
0.588235 0.588235 0.588235 1.000000
0.588235 0.588235 0.588235 1.000000
0.898039 0.898039 0.898039 1.000000
0.000000 0.000000 0.000000 1.000000
12.799999
1.000000
"textures\Tap Note parts (mipmaps).ini"
""

Bones: 0
GroupComments: 0
MaterialComments: 0
BoneComments: 0
ModelComment: 0
