// MilkShape 3D ASCII

Frames: 30
Frame: 1

Meshes: 1
"center" 1 0
45
1 0.962762 -0.659656 -0.656499 0.500000 0.750000 0
1 -13.373206 -2.883614 -7.404398 0.000000 0.750000 0
1 -9.297688 -12.889915 -1.644512 0.000000 0.750000 0
1 0.783504 -15.737570 4.693680 0.000000 0.750000 0
1 10.969787 -9.745795 7.895330 0.000000 0.750000 0
1 15.298729 1.564302 6.091400 0.000000 0.750000 0
1 11.223212 11.570605 0.331513 0.000000 0.750000 0
1 1.142019 14.418257 -6.006679 0.000000 0.750000 0
1 -9.044263 8.426484 -9.208328 0.000000 0.750000 0
3 27.300121 3.455947 11.796085 0.999500 0.250000 0
3 23.864296 16.885073 5.137162 0.931249 0.124002 0
3 15.251488 4.559611 14.502756 0.838208 0.250000 0
3 12.916597 13.685668 9.977539 0.791826 0.164375 0
3 14.522223 25.367458 -2.846414 0.751997 0.034375 0
3 6.632540 19.391443 4.607293 0.671250 0.104087 0
3 1.267641 27.092815 -10.450819 0.500000 0.000250 0
3 -2.374897 20.563950 -0.560445 0.500000 0.080896 0
3 -12.077021 21.241081 -15.366602 0.248003 0.034375 0
3 -11.443553 16.587273 -3.901071 0.328750 0.104087 0
3 -21.655682 9.823499 -16.288961 0.068751 0.124002 0
3 -17.886755 8.907104 -4.521509 0.208174 0.164375 0
3 -25.424103 -4.723235 -13.021053 0.000500 0.250000 0
3 -20.447666 -0.978446 -2.300732 0.161792 0.250000 0
3 -21.988276 -18.152363 -6.362129 0.068751 0.375998 0
3 -18.112776 -10.104503 2.224486 0.208174 0.335625 0
3 -12.646201 -26.634748 1.621446 0.248003 0.465625 0
3 -11.828717 -15.810282 7.594733 0.328750 0.395913 0
3 0.608379 -28.360102 9.225849 0.500000 0.499750 0
3 -2.821280 -16.982780 12.762470 0.500000 0.419104 0
3 13.953040 -22.508362 14.141630 0.751997 0.465625 0
3 6.247376 -13.006104 16.103094 0.671250 0.395913 0
3 23.531702 -11.090785 15.063993 0.931249 0.375998 0
3 12.690575 -5.325935 16.723534 0.791826 0.335625 0
3 10.275049 0.814822 3.782435 0.676915 0.250000 0
3 9.041096 5.637809 1.390924 0.652403 0.204748 0
3 5.815054 8.566978 -1.365995 0.590503 0.173799 0
3 1.054760 9.186629 -4.097065 0.500000 0.161543 0
3 -3.737889 7.085015 -5.862537 0.409497 0.173799 0
3 -7.045629 3.142253 -6.181051 0.347597 0.204748 0
3 -8.399033 -2.082109 -5.007404 0.323085 0.250000 0
3 -7.165077 -6.905098 -2.615892 0.347597 0.295251 0
3 -3.939037 -9.834267 0.141026 0.409497 0.326201 0
3 0.821255 -10.453916 2.872095 0.500000 0.338457 0
3 5.613908 -8.352299 4.637567 0.590503 0.326201 0
3 8.921646 -4.409538 4.956081 0.652403 0.295251 0
44
-0.443917 0.304334 0.842804
-0.443917 0.304334 0.842804
-0.443917 0.304334 0.842804
-0.443917 0.304334 0.842804
-0.443917 0.304334 0.842804
-0.443917 0.304334 0.842804
-0.443917 0.304334 0.842804
-0.443917 0.304334 0.842804
0.234454 0.267403 0.934627
0.186852 0.570542 0.799730
-0.441805 0.374596 0.815160
-0.475357 0.358948 0.803238
-0.001131 0.780786 0.624798
-0.499923 0.329666 0.800873
-0.280529 0.845314 0.454695
-0.510280 0.292975 0.808567
-0.576935 0.745220 0.334357
-0.500758 0.259431 0.825795
-0.807367 0.509131 0.298236
-0.476799 0.237676 0.846270
-0.913655 0.198234 0.354877
-0.443496 0.232337 0.865639
-0.865783 -0.105090 0.489261
-0.410020 0.248035 0.877703
-0.677799 -0.315334 0.664193
-0.385453 0.277318 0.880069
-0.398671 -0.379677 0.834809
-0.375022 0.313958 0.872232
-0.101996 -0.279768 0.954634
-0.384618 0.347553 0.855147
0.128436 -0.043679 0.990755
-0.408578 0.369308 0.834671
-0.914952 0.089094 0.393604
-0.815681 -0.190141 0.546362
-0.590020 -0.355476 0.724923
-0.294901 -0.363579 0.883653
-0.012937 -0.212193 0.977142
0.180750 0.057260 0.981861
0.235752 0.376543 0.895900
0.136750 0.655593 0.742629
-0.088910 0.820928 0.564068
-0.384299 0.829216 0.405851
-0.665994 0.677645 0.311849
-0.859681 0.408192 0.307130
56
1 0 1 2 0 1 2 5
1 0 2 3 0 2 3 5
1 0 3 4 0 3 2 5
1 0 4 5 0 2 4 5
1 0 5 6 0 4 5 5
1 0 6 7 0 5 6 5
1 0 7 8 0 6 7 5
1 0 8 1 0 7 1 5
1 9 10 11 8 9 10 1
1 10 12 11 9 11 10 1
1 10 13 12 9 12 11 1
1 13 14 12 12 13 11 1
1 13 15 14 12 14 13 1
1 15 16 14 14 15 13 1
1 15 17 16 14 16 15 1
1 17 18 16 16 17 15 1
1 17 19 18 16 18 17 1
1 19 20 18 18 19 17 1
1 19 21 20 18 20 19 1
1 21 22 20 20 21 19 1
1 21 23 22 20 22 21 1
1 23 24 22 22 23 21 1
1 23 25 24 22 24 23 1
1 25 26 24 24 25 23 1
1 25 27 26 24 26 25 1
1 27 28 26 26 27 25 1
1 27 29 28 26 28 27 1
1 29 30 28 28 29 27 1
1 29 31 30 28 30 29 1
1 31 32 30 30 31 29 1
1 31 9 32 30 8 31 1
1 9 11 32 8 10 31 1
1 11 12 33 10 11 32 1
1 12 34 33 11 33 32 1
1 12 14 34 11 13 33 1
1 14 35 34 13 34 33 1
1 14 16 35 13 15 34 1
1 16 36 35 15 35 34 1
1 16 18 36 15 17 35 1
1 18 37 36 17 36 35 1
1 18 20 37 17 19 36 1
1 20 38 37 19 37 36 1
1 20 22 38 19 21 37 1
1 22 39 38 21 38 37 1
1 22 24 39 21 23 38 1
1 24 40 39 23 39 38 1
1 24 26 40 23 25 39 1
1 26 41 40 25 40 39 1
1 26 28 41 25 27 40 1
1 28 42 41 27 41 40 1
1 28 30 42 27 29 41 1
1 30 43 42 29 42 41 1
1 30 32 43 29 31 42 1
1 32 44 43 31 43 42 1
1 32 11 44 31 10 43 1
1 11 33 44 10 32 43 1

Materials: 1
"red middle"
1.000000 1.000000 1.000000 1.000000
1.000000 1.000000 1.000000 1.000000
0.898039 0.898039 0.898039 1.000000
0.000000 0.000000 0.000000 1.000000
12.799999
1.000000
"_mine ani tex.ini"
""

Bones: 1
"joint1"
""
8 0.000000 0.000000 0.000000 0.000000 -0.000000 0.000000
2
1.000000 0.000000 0.000000 0.000000
120.000000 0.000000 0.000000 0.000000
3
1.000000 0.000000 -0.000000 0.000000
60.000000 0.000000 -0.000000 3.100000
120.000000 0.000000 0.000000 -0.083185
GroupComments: 0
MaterialComments: 0
BoneComments: 0
ModelComment: 0
